likwid-bench -p
Number of Domains 11
Domain 0:
        Tag N: 0 1 2 3 4 5 6 7 8 9 10 11 12 13 14 15 16 17 18 19 20 21 22 23 24 25 26 27 28 29 30 31 32 33 34 35 36 37 38 39 40 41 42 43 44 45 46 47 48 49 50 51 52 53 54 55 56 57 58 59 60 61 62 63 64 65 66 67 68 69 70 71
Domain 1:
        Tag S0: 0 1 2 3 4 5 6 7 8 9 10 11 12 13 14 15 16 17 18 19 20 21 22 23 24 25 26 27 28 29 30 31 32 33 34 35
Domain 2:
        Tag S1: 36 37 38 39 40 41 42 43 44 45 46 47 48 49 50 51 52 53 54 55 56 57 58 59 60 61 62 63 64 65 66 67 68 69 70 71
Domain 3:
        Tag D0: 0 1 2 3 4 5 6 7 8 9 10 11 12 13 14 15 16 17 18 19 20 21 22 23 24 25 26 27 28 29 30 31 32 33 34 35
Domain 4:
        Tag D1: 36 37 38 39 40 41 42 43 44 45 46 47 48 49 50 51 52 53 54 55 56 57 58 59 60 61 62 63 64 65 66 67 68 69 70 71
Domain 5:
        Tag C0: 0 1 2 3 4 5 6 7 8 9 10 11 12 13 14 15 16 17 18 19 20 21 22 23 24 25 26 27 28 29 30 31 32 33 34 35
Domain 6:
        Tag C1: 36 37 38 39 40 41 42 43 44 45 46 47 48 49 50 51 52 53 54 55 56 57 58 59 60 61 62 63 64 65 66 67 68 69 70 71
Domain 7:
        Tag M0: 0 1 2 3 4 5 6 7 8 9 10 11 12 13 14 15 16 17
Domain 8:
        Tag M1: 18 19 20 21 22 23 24 25 26 27 28 29 30 31 32 33 34 35
Domain 9:
        Tag M2: 36 37 38 39 40 41 42 43 44 45 46 47 48 49 50 51 52 53
Domain 10:
        Tag M3: 54 55 56 57 58 59 60 61 62 63 64 65 66 67 68 69 70 71